pc       (rd rd  wdata   ) (wen wadd     wdata    | radd    )
00000200 (03  gp 00031200) (000 00000000 00000000 | 00000000)
00000204 (03  gp 00030e38) (000 00000000 00000000 | 00000000)
00000208 (10  a0 00030648) (000 00000000 00000000 | 00000000)
0000020c (12  a2 00030670) (000 00000000 00000000 | 00000000)
00000210 (12  a2 00000028) (000 00000000 00000000 | 00000000)
00000214 (11  a1 00000000) (000 00000000 00000000 | 00000000)
00000218 (01  ra 0000021c) (000 00000000 00000000 | 00000000)
00000590 (06  t1 0000000f) (000 00000000 00000000 | 00000000)
00000594 (14  a4 00030648) (000 00000000 00000000 | 00000000)
0000059c (15  a5 00000008) (000 00000000 00000000 | 00000000)
00000640 (13  a3 00000020) (000 00000000 00000000 | 00000000)
00000644 (05  t0 00000644) (000 00000000 00000000 | 00000000)
00000648 (13  a3 00000664) (000 00000000 00000000 | 00000000)
0000064c (05  t0 0000021c) (000 00000000 00000000 | 00000000)
00000650 (01  ra 00000654) (000 00000000 00000000 | 00000000)
00000604 (00 000 00000000) (001 0003064f 00000000 | 00000000)
00000608 (00 000 00000000) (001 0003064e 00000000 | 00000000)
0000060c (00 000 00000000) (001 0003064d 00000000 | 00000000)
00000610 (00 000 00000000) (001 0003064c 00000000 | 00000000)
00000614 (00 000 00000000) (001 0003064b 00000000 | 00000000)
00000618 (00 000 00000000) (001 0003064a 00000000 | 00000000)
0000061c (00 000 00000000) (001 00030649 00000000 | 00000000)
00000620 (00 000 00000000) (001 00030648 00000000 | 00000000)
00000654 (01  ra 0000021c) (000 00000000 00000000 | 00000000)
00000658 (15  a5 fffffff8) (000 00000000 00000000 | 00000000)
0000065c (14  a4 00030650) (000 00000000 00000000 | 00000000)
00000660 (12  a2 00000020) (000 00000000 00000000 | 00000000)
000005a8 (13  a3 00000020) (000 00000000 00000000 | 00000000)
000005ac (12  a2 00000000) (000 00000000 00000000 | 00000000)
000005b0 (13  a3 00030670) (000 00000000 00000000 | 00000000)
000005b4 (00 000 00000000) (100 00030650 00000000 | 00000000)
000005b8 (00 000 00000000) (100 00030654 00000000 | 00000000)
000005bc (00 000 00000000) (100 00030658 00000000 | 00000000)
000005c0 (00 000 00000000) (100 0003065c 00000000 | 00000000)
000005c4 (14  a4 00030660) (000 00000000 00000000 | 00000000)
000005b4 (00 000 00000000) (100 00030660 00000000 | 00000000)
000005b8 (00 000 00000000) (100 00030664 00000000 | 00000000)
000005bc (00 000 00000000) (100 00030668 00000000 | 00000000)
000005c0 (00 000 00000000) (100 0003066c 00000000 | 00000000)
000005c4 (14  a4 00030670) (000 00000000 00000000 | 00000000)
0000021c (10  a0 0000021c) (000 00000000 00000000 | 00000000)
00000220 (10  a0 00000790) (000 00000000 00000000 | 00000000)
00000228 (10  a0 00000228) (000 00000000 00000000 | 00000000)
0000022c (10  a0 000007a4) (000 00000000 00000000 | 00000000)
00000230 (01  ra 00000234) (000 00000000 00000000 | 00000000)
00000790 (11  a1 000007a4) (000 00000000 00000000 | 00000000)
00000794 (13  a3 00000000) (000 00000000 00000000 | 00000000)
00000798 (12  a2 00000000) (000 00000000 00000000 | 00000000)
0000079c (10  a0 00000000) (000 00000000 00000000 | 00000000)
00000800 (15  a5 00030000) (000 00000000 00000000 | 00000000)
00000804 (14  a4 00030200) (000 00000000 00000000 | 00030638)
00000808 (15  a5 00000000) (000 00000000 00000000 | 00030348)
00000864 (15  a5 0003034c) (000 00000000 00000000 | 00000000)
00000868 (00 000 00000000) (100 00030348 0003034c | 00000000)
00000810 (14  a4 00000000) (000 00000000 00000000 | 00030350)
00000814 (16  a6 0000001f) (000 00000000 00000000 | 00000000)
0000081c (16  a6 00000000) (000 00000000 00000000 | 00000000)
0000084c (14  a4 00000001) (000 00000000 00000000 | 00000000)
00000850 (00 000 00000000) (100 00030350 00000001 | 00000000)
00000854 (15  a5 0003034c) (000 00000000 00000000 | 00000000)
00000858 (00 000 00000000) (100 00030354 000007a4 | 00000000)
0000085c (10  a0 00000000) (000 00000000 00000000 | 00000000)
00000234 (01  ra 00000238) (000 00000000 00000000 | 00000000)
000004f4 (02  sp 0002eff0) (000 00000000 00000000 | 00000000)
000004f8 (00 000 00000000) (100 0002eff8 00000000 | 00000000)
000004fc (00 000 00000000) (100 0002eff0 00000000 | 00000000)
00000500 (08  s0 00000000) (000 00000000 00000000 | 00000000)
00000504 (18  s2 00000000) (000 00000000 00000000 | 00000000)
00000508 (15  a5 00000000) (000 00000000 00000000 | 00000000)
0000050c (18  s2 00000000) (000 00000000 00000000 | 00000000)
00000510 (18  s2 00000000) (000 00000000 00000000 | 00000000)
00000514 (00 000 00000000) (100 0002effc 00000238 | 00000000)
00000518 (00 000 00000000) (100 0002eff4 00000000 | 00000000)
0000051c (18  s2 00000000) (000 00000000 00000000 | 00000000)
00000540 (08  s0 00000000) (000 00000000 00000000 | 00000000)
00000544 (18  s2 00000000) (000 00000000 00000000 | 00000000)
00000548 (15  a5 00000000) (000 00000000 00000000 | 00000000)
0000054c (18  s2 00000000) (000 00000000 00000000 | 00000000)
00000550 (18  s2 00000000) (000 00000000 00000000 | 00000000)
00000554 (18  s2 00000000) (000 00000000 00000000 | 00000000)
00000578 (01  ra 00000238) (000 00000000 00000000 | 0002effc)
0000057c (08  s0 00000000) (000 00000000 00000000 | 0002eff8)
00000580 (09  s1 00000000) (000 00000000 00000000 | 0002eff4)
00000584 (18  s2 00000000) (000 00000000 00000000 | 0002eff0)
00000588 (02  sp 0002f000) (000 00000000 00000000 | 00000000)
00000238 (10  a0 00000000) (000 00000000 00000000 | 0002f000)
0000023c (11  a1 0002f004) (000 00000000 00000000 | 00000000)
00000240 (12  a2 00000000) (000 00000000 00000000 | 00000000)
00000244 (01  ra 00000248) (000 00000000 00000000 | 00000000)
000008e8 (02  sp 0002eff0) (000 00000000 00000000 | 00000000)
000008ec (10  a0 000008ec) (000 00000000 00000000 | 00000000)
000008f0 (10  a0 00000930) (000 00000000 00000000 | 00000000)
000008f4 (00 000 00000000) (100 0002effc 00000248 | 00000000)
000008f8 (01  ra 000008fc) (000 00000000 00000000 | 00000000)
000002c4 (02  sp 0002ef20) (000 00000000 00000000 | 00000000)
000002c8 (00 000 00000000) (100 0002efc0 00000000 | 00000000)
000002cc (00 000 00000000) (100 0002efcc 00000000 | 00000000)
000002d0 (00 000 00000000) (100 0002efc8 00000000 | 00000000)
000002d4 (00 000 00000000) (100 0002efc4 00000000 | 00000000)
000002d8 (00 000 00000000) (100 0002efbc 00000000 | 00000000)
000002dc (00 000 00000000) (100 0002efb8 00000000 | 00000000)
000002e0 (00 000 00000000) (100 0002efd4 0002f004 | 00000000)
000002e4 (00 000 00000000) (100 0002efd8 00000000 | 00000000)
000002e8 (00 000 00000000) (100 0002efdc 00000000 | 00000000)
000002ec (00 000 00000000) (100 0002efe0 00000001 | 00000000)
000002f0 (00 000 00000000) (100 0002efe4 00000000 | 00000000)
000002f4 (00 000 00000000) (100 0002efe8 00000000 | 00000000)
000002f8 (00 000 00000000) (100 0002efec 00000000 | 00000000)
000002fc (15  a5 00000048) (000 00000000 00000000 | 00000930)
00000300 (19  s3 0002efd4) (000 00000000 00000000 | 00000000)
00000304 (00 000 00000000) (100 0002ef2c 0002efd4 | 00000000)
0000030c (31  t6 40000000) (000 00000000 00000000 | 00000000)
00000310 (11  a1 000001f0) (000 00000000 00000000 | 00030640)
00000314 (28  t3 00000025) (000 00000000 00000000 | 00000000)
00000318 (16  a6 0000000a) (000 00000000 00000000 | 00000000)
0000031c (07  t2 0000000d) (000 00000000 00000000 | 00000000)
00000320 (30  t5 00000063) (000 00000000 00000000 | 00000000)
00000324 (05  t0 00000073) (000 00000000 00000000 | 00000000)
00000328 (08  s0 00000078) (000 00000000 00000000 | 00000000)
0000032c (09  s1 00000030) (000 00000000 00000000 | 00000000)
00000330 (06  t1 0002ef30) (000 00000000 00000000 | 00000000)
00000334 (18  s2 0000002d) (000 00000000 00000000 | 00000000)
00000338 (31  t6 3fffffff) (000 00000000 00000000 | 00000000)
0000033c (29  t4 00000009) (000 00000000 00000000 | 00000000)
00000360 (13  a3 00000931) (000 00000000 00000000 | 00000000)
00000348 (14  a4 00000931) (000 00000000 00000000 | 00000000)
0000034c (00 000 00000000) (100 000001f0 00000048 | 00000000)
00000350 (13  a3 00000930) (000 00000000 00000000 | 00000000)
00000354 (10  a0 00000931) (000 00000000 00000000 | 00000000)
00000358 (15  a5 00000065) (000 00000000 00000000 | 00000931)
00000360 (13  a3 00000932) (000 00000000 00000000 | 00000000)
00000348 (14  a4 00000932) (000 00000000 00000000 | 00000000)
0000034c (00 000 00000000) (100 000001f0 00000065 | 00000000)
00000350 (13  a3 00000931) (000 00000000 00000000 | 00000000)
00000354 (10  a0 00000932) (000 00000000 00000000 | 00000000)
00000358 (15  a5 0000006c) (000 00000000 00000000 | 00000932)
00000360 (13  a3 00000933) (000 00000000 00000000 | 00000000)
00000348 (14  a4 00000933) (000 00000000 00000000 | 00000000)
0000034c (00 000 00000000) (100 000001f0 0000006c | 00000000)
00000350 (13  a3 00000932) (000 00000000 00000000 | 00000000)
00000354 (10  a0 00000933) (000 00000000 00000000 | 00000000)
00000358 (15  a5 0000006c) (000 00000000 00000000 | 00000933)
00000360 (13  a3 00000934) (000 00000000 00000000 | 00000000)
00000348 (14  a4 00000934) (000 00000000 00000000 | 00000000)
0000034c (00 000 00000000) (100 000001f0 0000006c | 00000000)
00000350 (13  a3 00000933) (000 00000000 00000000 | 00000000)
00000354 (10  a0 00000934) (000 00000000 00000000 | 00000000)
00000358 (15  a5 0000006f) (000 00000000 00000000 | 00000934)
00000360 (13  a3 00000935) (000 00000000 00000000 | 00000000)
00000348 (14  a4 00000935) (000 00000000 00000000 | 00000000)
0000034c (00 000 00000000) (100 000001f0 0000006f | 00000000)
00000350 (13  a3 00000934) (000 00000000 00000000 | 00000000)
00000354 (10  a0 00000935) (000 00000000 00000000 | 00000000)
00000358 (15  a5 00000021) (000 00000000 00000000 | 00000935)
00000360 (13  a3 00000936) (000 00000000 00000000 | 00000000)
00000348 (14  a4 00000936) (000 00000000 00000000 | 00000000)
0000034c (00 000 00000000) (100 000001f0 00000021 | 00000000)
00000350 (13  a3 00000935) (000 00000000 00000000 | 00000000)
00000354 (10  a0 00000936) (000 00000000 00000000 | 00000000)
00000358 (15  a5 0000000a) (000 00000000 00000000 | 00000936)
00000360 (13  a3 00000937) (000 00000000 00000000 | 00000000)
000003bc (00 000 00000000) (100 000001f0 0000000d | 00000000)
000003c0 (14  a4 0000000a) (000 00000000 00000000 | 00000936)
000003c4 (15  a5 00000937) (000 00000000 00000000 | 00000000)
000003c8 (13  a3 00000936) (000 00000000 00000000 | 00000000)
000003cc (00 000 00000000) (100 000001f0 0000000a | 00000000)
000003d0 (10  a0 00000937) (000 00000000 00000000 | 00000000)
00000358 (15  a5 00000000) (000 00000000 00000000 | 00000937)
00000398 (08  s0 00000000) (000 00000000 00000000 | 0002efcc)
0000039c (09  s1 00000000) (000 00000000 00000000 | 0002efc8)
000003a0 (18  s2 00000000) (000 00000000 00000000 | 0002efc4)
000003a4 (19  s3 00000000) (000 00000000 00000000 | 0002efc0)
000003a8 (20  s4 00000000) (000 00000000 00000000 | 0002efbc)
000003ac (21  s5 00000000) (000 00000000 00000000 | 0002efb8)
000003b0 (10  a0 00000001) (000 00000000 00000000 | 00000000)
000003b4 (02  sp 0002eff0) (000 00000000 00000000 | 00000000)
000008fc (10  a0 000008fc) (000 00000000 00000000 | 00000000)
00000900 (10  a0 00000930) (000 00000000 00000000 | 00000000)
00000904 (01  ra 00000908) (000 00000000 00000000 | 00000000)
000002c4 (02  sp 0002ef20) (000 00000000 00000000 | 00000000)
000002c8 (00 000 00000000) (100 0002efc0 00000000 | 00000000)
000002cc (00 000 00000000) (100 0002efcc 00000000 | 00000000)
000002d0 (00 000 00000000) (100 0002efc8 00000000 | 00000000)
000002d4 (00 000 00000000) (100 0002efc4 00000000 | 00000000)
000002d8 (00 000 00000000) (100 0002efbc 00000000 | 00000000)
000002dc (00 000 00000000) (100 0002efb8 00000000 | 00000000)
000002e0 (00 000 00000000) (100 0002efd4 000001f0 | 00000000)
000002e4 (00 000 00000000) (100 0002efd8 00000000 | 00000000)
000002e8 (00 000 00000000) (100 0002efdc 00000936 | 00000000)
000002ec (00 000 00000000) (100 0002efe0 0000000a | 00000000)
000002f0 (00 000 00000000) (100 0002efe4 00000000 | 00000000)
000002f4 (00 000 00000000) (100 0002efe8 0000000a | 00000000)
000002f8 (00 000 00000000) (100 0002efec 00000000 | 00000000)
000002fc (15  a5 00000048) (000 00000000 00000000 | 00000930)
00000300 (19  s3 0002efd4) (000 00000000 00000000 | 00000000)
00000304 (00 000 00000000) (100 0002ef2c 0002efd4 | 00000000)
0000030c (31  t6 40000000) (000 00000000 00000000 | 00000000)
00000310 (11  a1 000001f0) (000 00000000 00000000 | 00030640)
00000314 (28  t3 00000025) (000 00000000 00000000 | 00000000)
00000318 (16  a6 0000000a) (000 00000000 00000000 | 00000000)
0000031c (07  t2 0000000d) (000 00000000 00000000 | 00000000)
00000320 (30  t5 00000063) (000 00000000 00000000 | 00000000)
00000324 (05  t0 00000073) (000 00000000 00000000 | 00000000)
00000328 (08  s0 00000078) (000 00000000 00000000 | 00000000)
0000032c (09  s1 00000030) (000 00000000 00000000 | 00000000)
00000330 (06  t1 0002ef30) (000 00000000 00000000 | 00000000)
00000334 (18  s2 0000002d) (000 00000000 00000000 | 00000000)
00000338 (31  t6 3fffffff) (000 00000000 00000000 | 00000000)
0000033c (29  t4 00000009) (000 00000000 00000000 | 00000000)
00000360 (13  a3 00000931) (000 00000000 00000000 | 00000000)
00000348 (14  a4 00000931) (000 00000000 00000000 | 00000000)
0000034c (00 000 00000000) (100 000001f0 00000048 | 00000000)
00000350 (13  a3 00000930) (000 00000000 00000000 | 00000000)
00000354 (10  a0 00000931) (000 00000000 00000000 | 00000000)
00000358 (15  a5 00000065) (000 00000000 00000000 | 00000931)
00000360 (13  a3 00000932) (000 00000000 00000000 | 00000000)
00000348 (14  a4 00000932) (000 00000000 00000000 | 00000000)
0000034c (00 000 00000000) (100 000001f0 00000065 | 00000000)
00000350 (13  a3 00000931) (000 00000000 00000000 | 00000000)
00000354 (10  a0 00000932) (000 00000000 00000000 | 00000000)
00000358 (15  a5 0000006c) (000 00000000 00000000 | 00000932)
00000360 (13  a3 00000933) (000 00000000 00000000 | 00000000)
00000348 (14  a4 00000933) (000 00000000 00000000 | 00000000)
0000034c (00 000 00000000) (100 000001f0 0000006c | 00000000)
00000350 (13  a3 00000932) (000 00000000 00000000 | 00000000)
00000354 (10  a0 00000933) (000 00000000 00000000 | 00000000)
00000358 (15  a5 0000006c) (000 00000000 00000000 | 00000933)
00000360 (13  a3 00000934) (000 00000000 00000000 | 00000000)
00000348 (14  a4 00000934) (000 00000000 00000000 | 00000000)
0000034c (00 000 00000000) (100 000001f0 0000006c | 00000000)
00000350 (13  a3 00000933) (000 00000000 00000000 | 00000000)
00000354 (10  a0 00000934) (000 00000000 00000000 | 00000000)
00000358 (15  a5 0000006f) (000 00000000 00000000 | 00000934)
00000360 (13  a3 00000935) (000 00000000 00000000 | 00000000)
00000348 (14  a4 00000935) (000 00000000 00000000 | 00000000)
0000034c (00 000 00000000) (100 000001f0 0000006f | 00000000)
00000350 (13  a3 00000934) (000 00000000 00000000 | 00000000)
00000354 (10  a0 00000935) (000 00000000 00000000 | 00000000)
00000358 (15  a5 00000021) (000 00000000 00000000 | 00000935)
00000360 (13  a3 00000936) (000 00000000 00000000 | 00000000)
00000348 (14  a4 00000936) (000 00000000 00000000 | 00000000)
0000034c (00 000 00000000) (100 000001f0 00000021 | 00000000)
00000350 (13  a3 00000935) (000 00000000 00000000 | 00000000)
00000354 (10  a0 00000936) (000 00000000 00000000 | 00000000)
00000358 (15  a5 0000000a) (000 00000000 00000000 | 00000936)
00000360 (13  a3 00000937) (000 00000000 00000000 | 00000000)
000003bc (00 000 00000000) (100 000001f0 0000000d | 00000000)
000003c0 (14  a4 0000000a) (000 00000000 00000000 | 00000936)
000003c4 (15  a5 00000937) (000 00000000 00000000 | 00000000)
000003c8 (13  a3 00000936) (000 00000000 00000000 | 00000000)
000003cc (00 000 00000000) (100 000001f0 0000000a | 00000000)
000003d0 (10  a0 00000937) (000 00000000 00000000 | 00000000)
00000358 (15  a5 00000000) (000 00000000 00000000 | 00000937)
00000398 (08  s0 00000000) (000 00000000 00000000 | 0002efcc)
0000039c (09  s1 00000000) (000 00000000 00000000 | 0002efc8)
000003a0 (18  s2 00000000) (000 00000000 00000000 | 0002efc4)
000003a4 (19  s3 00000000) (000 00000000 00000000 | 0002efc0)
000003a8 (20  s4 00000000) (000 00000000 00000000 | 0002efbc)
000003ac (21  s5 00000000) (000 00000000 00000000 | 0002efb8)
000003b0 (10  a0 00000001) (000 00000000 00000000 | 00000000)
000003b4 (02  sp 0002eff0) (000 00000000 00000000 | 00000000)
00000908 (01  ra 00000248) (000 00000000 00000000 | 0002effc)
0000090c (10  a0 00000000) (000 00000000 00000000 | 00000000)
00000910 (02  sp 0002f000) (000 00000000 00000000 | 00000000)
000004c0 (02  sp 0002eff0) (000 00000000 00000000 | 00000000)
000004c4 (11  a1 00000000) (000 00000000 00000000 | 00000000)
000004c8 (00 000 00000000) (100 0002eff8 00000000 | 00000000)
000004cc (00 000 00000000) (100 0002effc 00000248 | 00000000)
000004d0 (08  s0 00000000) (000 00000000 00000000 | 00000000)
000004d4 (01  ra 000004d8) (000 00000000 00000000 | 00000000)
0000066c (02  sp 0002efc0) (000 00000000 00000000 | 00000000)
00000670 (15  a5 00030000) (000 00000000 00000000 | 00000000)
00000674 (00 000 00000000) (100 0002efd8 00000000 | 00000000)
00000678 (20  s4 00030200) (000 00000000 00000000 | 00030638)
0000067c (00 000 00000000) (100 0002efe0 00000000 | 00000000)
00000680 (00 000 00000000) (100 0002efec 000004d8 | 00000000)
00000684 (18  s2 0003034c) (000 00000000 00000000 | 00030348)
00000688 (00 000 00000000) (100 0002efe8 00000000 | 00000000)
0000068c (00 000 00000000) (100 0002efe4 00000000 | 00000000)
00000690 (00 000 00000000) (100 0002efdc 00000000 | 00000000)
00000694 (00 000 00000000) (100 0002efd4 00000000 | 00000000)
00000698 (00 000 00000000) (100 0002efd0 00000000 | 00000000)
0000069c (00 000 00000000) (100 0002efcc 00000000 | 00000000)
000006a0 (00 000 00000000) (100 0002efc8 00000000 | 00000000)
000006a8 (22  s6 00000000) (000 00000000 00000000 | 00000000)
000006ac (23  s7 00000000) (000 00000000 00000000 | 00000000)
000006b0 (21  s5 00000001) (000 00000000 00000000 | 00000000)
000006b4 (19  s3 ffffffff) (000 00000000 00000000 | 00000000)
000006b8 (09  s1 00000001) (000 00000000 00000000 | 00030350)
000006bc (08  s0 00000000) (000 00000000 00000000 | 00000000)
000006c4 (09  s1 00000004) (000 00000000 00000000 | 00000000)
000006c8 (09  s1 00030350) (000 00000000 00000000 | 00000000)
00000714 (15  a5 00000001) (000 00000000 00000000 | 00030350)
00000718 (13  a3 000007a4) (000 00000000 00000000 | 00030354)
0000071c (15  a5 00000000) (000 00000000 00000000 | 00000000)
0000077c (00 000 00000000) (100 00030350 00000000 | 00000000)
0000072c (15  a5 00000000) (000 00000000 00000000 | 000304d4)
00000730 (14  a4 00000001) (000 00000000 00000000 | 00000000)
00000734 (24  s8 00000000) (000 00000000 00000000 | 00030350)
00000738 (15  a5 00000000) (000 00000000 00000000 | 00000000)
00000740 (01  ra 00000744) (000 00000000 00000000 | 00000000)
000007a4 (02  sp 0002efb0) (000 00000000 00000000 | 00000000)
000007a8 (00 000 00000000) (100 0002efb8 00000000 | 00000000)
000007ac (15  a5 00000000) (000 00000000 00000000 | 00000000)
000007b0 (08  s0 00000000) (000 00000000 00000000 | 00000000)
000007b4 (08  s0 00000000) (000 00000000 00000000 | 00000000)
000007b8 (15  a5 00000000) (000 00000000 00000000 | 00000000)
000007bc (15  a5 00000000) (000 00000000 00000000 | 00000000)
000007c0 (00 000 00000000) (100 0002efb4 00030350 | 00000000)
000007c4 (00 000 00000000) (100 0002efbc 00000744 | 00000000)
000007c8 (09  s1 00000000) (000 00000000 00000000 | 00000000)
000007ec (01  ra 00000744) (000 00000000 00000000 | 0002efbc)
000007f0 (08  s0 00000000) (000 00000000 00000000 | 0002efb8)
000007f4 (09  s1 00030350) (000 00000000 00000000 | 0002efb4)
000007f8 (02  sp 0002efc0) (000 00000000 00000000 | 00000000)
00000744 (14  a4 00000000) (000 00000000 00000000 | 00030350)
00000748 (15  a5 0003034c) (000 00000000 00000000 | 00030348)
000006d8 (08  s0 ffffffff) (000 00000000 00000000 | 00000000)
000006dc (09  s1 0003034c) (000 00000000 00000000 | 00000000)
000006e4 (01  ra 000004d8) (000 00000000 00000000 | 0002efec)
000006e8 (08  s0 00000000) (000 00000000 00000000 | 0002efe8)
000006ec (09  s1 00000000) (000 00000000 00000000 | 0002efe4)
000006f0 (18  s2 00000000) (000 00000000 00000000 | 0002efe0)
000006f4 (19  s3 00000000) (000 00000000 00000000 | 0002efdc)
000006f8 (20  s4 00000000) (000 00000000 00000000 | 0002efd8)
000006fc (21  s5 00000000) (000 00000000 00000000 | 0002efd4)
00000700 (22  s6 00000000) (000 00000000 00000000 | 0002efd0)
00000704 (23  s7 00000000) (000 00000000 00000000 | 0002efcc)
00000708 (24  s8 00000000) (000 00000000 00000000 | 0002efc8)
0000070c (02  sp 0002eff0) (000 00000000 00000000 | 00000000)
000004d8 (15  a5 00030000) (000 00000000 00000000 | 00000000)
000004dc (10  a0 00030200) (000 00000000 00000000 | 00030638)
000004e0 (15  a5 00000000) (000 00000000 00000000 | 0003023c)
000004ec (10  a0 00000000) (000 00000000 00000000 | 00000000)
000004f0 (01  ra 000004f4) (000 00000000 00000000 | 00000000)
0000089c (11  a1 00000000) (000 00000000 00000000 | 00000000)
000008a0 (12  a2 00000000) (000 00000000 00000000 | 00000000)
000008a4 (13  a3 00000000) (000 00000000 00000000 | 00000000)
000008a8 (14  a4 00000000) (000 00000000 00000000 | 00000000)
000008ac (15  a5 00000000) (000 00000000 00000000 | 00000000)
000008b0 (17  a7 0000005d) (000 00000000 00000000 | 00000000)
